% -------------------------------------------------------------------
%  Generated by MATLAB on 17-Jul-2026 16:22:12
%  MATLAB version: 24.1.0.2653294 (R2024a) Update 5
% -------------------------------------------------------------------
                                         

I = 0.048;

Kd = 0.15;

Ki = 0.01;

Kp = 2;

L = 1.5;

Lg = 0.28;

Ts = 0.01;

m = 0.543;

thetai = 6;

